100
2 3 2
1 1 1
2 1 2
3 2 3
23 3 23
93 6 93
1 3 1
92 5 92
2 45 2
27 12 27
4 1 4
2 2 2
3 9 3
95 1 95
4 29 4
1 21 1
18 14 18
3 4 3
3 3 3
80 8 80
1 72 1
68 2 68
1 4 1
4 3 4
5 12 5
21 6 21
61 4 61
44 7 44
1 13 1
1 100 1
21 3 21
32 1 32
100 1 100
13 5 13
77 1 77
65 8 65
14 12 14
5 25 5
60 7 60
8 12 8
15 14 15
1 2 1
15 4 15
100 9 100
77 6 77
27 1 27
91 7 91
1 70 1
88 8 88
10 18 10
3 15 3
79 5 79
41 9 41
66 8 66
4 4 4
100 4 100
58 5 58
34 10 34
44 6 44
73 2 73
3 37 3
46 7 46
52 4 52
86 6 86
17 10 17
32 11 32
36 8 36
45 7 45
1 32 1
54 1 54
16 9 16
2 4 2
4 14 4
44 9 44
4 2 4
1 18 1
2 44 2
72 3 72
100 3 100
17 13 17
83 8 83
2 59 2
3 1 3
3 36 3
10 6 10
14 7 14
11 7 11
73 7 73
1 35 1
22 11 22
3 19 3
41 10 41
100 2 100
32 10 32
1 68 1
14 9 14
50 4 50
41 11 41
10 5 10
98 3 98
