100
4 2
5 2
6 2
1000 1000
1000 1
283959326164354076 259644327433818749
1000000000000000000 1
361712087323606194 288950425844913646
500000000000000000 499999999999999999
2 1
500000000000000000 2
1000000000000000000 423539247696576512
950488787731171131 739405327621655905
410286818070604075 399009065929597768
804957776685015070 714754882788790603
859941500234751940 763161275806778268
1000000000000000000 449164850697439000
530694954264272555 481327214877363523
818235636773438753 676341006953308914
999999999999999999 423539247696576512
999999999999999999 280216526202351228
367739712857473858 277330147414464195
500000000000000000 144115188075855871
693606243145928306 530895777632146875
500000000000000000 288230376151711744
631459161889527299 541037008500519477
2 2
1000000000000000000 499999999999999999
3 1
660854536313496556 568314490456367999
689848095645704966 518587689064596350
999999999999999999 456182361114368498
1000000000000000000 500000000000000000
942112619519690875 723773806294967232
4 1
500000000000000000 1
477918078198664423 371584625972694437
3 2
691409819769272545 558925110221859670
928882488587114563 915262792625946395
858295996198946765 815393833697000497
1000000000000000000 288230376151711743
5 1
999999999999999999 288230376151711743
700097820546519565 670047646041534386
1000000000000000000 284784968061692031
1000000000000000000 576460752303423488
500000000000000000 128
500000000000000000 249999999999999999
999999999999999999 2
1000000000000000000 127
462911011621751626 458048921208600524
999999999999999999 576460752303423488
999999999999999999 288230376151711744
1000000000000000000 423539247696576513
999999999999999999 1
999999999999999999 999999999999999998
1000000000000000000 999999999999999999
779533003722741042 726174148540029933
1000000000000000000 576460752303423487
840329180314070151 837829340071412590
500000000000000000 500000000000000000
999999999999999999 127
500000000000000000 211769623848288256
650974065351460420 642959120670673561
500000000000000000 249999999999999998
999999999999999999 499999999999999999
999999999999999999 423539247696576511
1000000000000000000 378399614684658870
500412659439393526 433512506912894389
500000000000000000 127
999999999999999999 999999999999999999
777799995689963645 709257593447034501
500000000000000000 144115188075855872
999999999999999999 328994209799124415
1000000000000000000 2
999999999999999999 128
500000000000000000 288230376151711743
500000000000000000 143718886081958329
1000000000000000000 1000000000000000000
999999999999999999 576460752303423487
1000000000000000000 128
500000000000000000 250000000000000000
500000000000000000 211769623848288257
1 1
289202496162615030 265099517186452711
500000000000000000 280131585097410495
314192546676229093 308671740606886323
860070017937980099 821262659353792792
1000000000000000000 499999999999999998
999999999999999999 499999999999999997
676659780918538888 643809056833755436
1000000000000000000 288230376151711744
913187740254136551 826798994491402538
999999999999999999 499999999999999998
714147725694264172 619745822803740631
563259350669126580 440979029693333412
500000000000000000 160017927150046253
447524202871539053 385793831167928490
462245888256790706 434494753061177744
