100
4 2
5 2
6 2
1000 1000
1000 1
704591 539824
3 2
2 1
857120 660988
1000000 475713
1000000 127
500000 127
3 1
999999 499998
500000 2
999999 524288
693045 589056
719106 630936
500000 131071
500000 262144
999999 437448
500000 500000
381991 327313
999999 503278
500000 149209
487244 462924
503342 383919
272576 239085
1000000 500000
500000 128
999999 128
500000 250000
514968 446169
500000 237856
621864 493269
525009 411610
500000 1
500000 249998
372964 284455
999999 127
999999 2
587773 510258
306808 243165
1000000 516097
500000 499999
566879 430108
5 1
1000000 475712
999999 999999
1000000 499998
1000000 999999
1000000 2
2 2
885838 733585
543706 455752
1000000 499999
774590 620029
461797 452387
999999 999998
374303 294345
1000000 1
999999 262143
999999 475711
917564 913882
500000 131072
1000000 262143
575715 511597
999999 499997
807174 753226
500000 249999
905349 750754
1 1
500000 237857
882337 742313
999999 1
960863 794740
818819 615719
531297 501446
999999 524287
398856 319606
1000000 128
999999 262144
999999 499999
4 1
363394 314232
676897 548772
751141 624801
999999 475712
891240 816803
1000000 456629
1000000 524287
276356 222848
412732 394591
1000000 262144
500000 262143
500000 243880
407531 331647
322071 319794
1000000 1000000
1000000 524288
