100
4 2
5 2
6 2
1000 1000
1000 1
999 2
500 499
1000 508
999 502
936 900
500 1
1000 512
602 556
1 1
865 680
1000 499
999 498
500 256
500 250
797 639
999 512
629 611
287 250
999 497
418 352
494 371
255 233
500 249
500 116
592 528
999 487
999 127
486 407
1000 511
276 230
500 148
999 256
3 2
1000 127
2 1
747 619
1000 489
500 79
999 998
1000 128
847 655
351 314
500 244
500 245
500 128
1000 2
999 446
1000 468
975 826
999 499
2 2
483 437
1000 488
519 457
377 298
358 306
985 791
500 500
500 255
597 452
288 259
480 461
999 999
1000 498
1000 999
522 447
313 308
431 340
4 1
630 483
379 367
500 127
569 430
664 572
403 383
500 248
548 433
440 424
1000 500
400 374
513 431
3 1
999 1
999 128
1000 255
1000 256
500 2
705 675
500 117
999 488
298 237
999 511
999 255
829 778
5 1
