100
4 2
5 2
6 2
1000 1000
1000 1
1000 489
266 225
500 249
952 904
500 499
1000 999
574 502
1000 128
1000 2
999 506
999 255
1000 498
500 2
999 511
500 255
953 899
645 570
746 726
2 1
1000 488
1000 512
451 393
500 163
999 998
999 488
1000 256
259 217
420 334
500 91
850 811
533 403
999 127
1000 255
655 531
500 117
500 248
265 259
500 116
1000 499
936 836
999 498
666 502
500 256
1000 511
1000 127
687 682
999 352
500 245
1 1
1000 500
318 240
3 2
536 513
999 497
775 746
660 618
999 999
743 730
500 1
999 2
260 243
999 1
643 551
5 1
844 678
500 127
999 487
1000 342
495 444
500 250
674 593
999 499
500 128
999 512
3 1
696 657
4 1
477 371
338 327
999 256
2 2
804 758
398 396
272 258
500 244
999 128
438 337
919 722
908 735
500 500
435 370
957 735
716 594
733 653
500 251
